# This file may be used to create an environment using:
# $ conda create --name <env> --file <this file>
# platform: win-64
annotated-types=0.6.0=pypi_0
anyio=4.2.0=pypi_0
bzip2=1.0.8=hcfcfb64_5
ca-certificates=2024.2.2=h56e8100_0
certifi=2024.2.2=pypi_0
colorama=0.4.6=pypi_0
distro=1.9.0=pypi_0
exceptiongroup=1.2.0=pypi_0
h11=0.14.0=pypi_0
httpcore=1.0.2=pypi_0
httpx=0.26.0=pypi_0
idna=3.6=pypi_0
libffi=3.4.2=h8ffe710_5
libsqlite=3.44.2=hcfcfb64_0
libzlib=1.2.13=hcfcfb64_5
openai=1.10.0=pypi_0
openssl=3.2.1=hcfcfb64_0
pip=23.3.2=pyhd8ed1ab_0
pydantic=2.6.0=pypi_0
pydantic-core=2.16.1=pypi_0
python=3.9.18=h4de0772_1_cpython
setuptools=69.0.3=pyhd8ed1ab_0
sniffio=1.3.0=pypi_0
tk=8.6.13=h5226925_1
tqdm=4.66.1=pypi_0
typing-extensions=4.9.0=pypi_0
tzdata=2023d=h0c530f3_0
ucrt=10.0.22621.0=h57928b3_0
vc=14.3=hcf57466_18
vc14_runtime=14.38.33130=h82b7239_18
vs2015_runtime=14.38.33130=hcb4865c_18
wheel=0.42.0=pyhd8ed1ab_0
xz=5.2.6=h8d14728_0
